image: map4_origin.pgm
resolution: 0.100000
origin: [-22.800000, -2.500000, nan]
negate: 0
occupied_thresh: 0.65
free_thresh: 0.196

