image: map_test2.pgm
resolution: 0.100000
origin: [-22.700000, -10.700000, 0]
negate: 0
occupied_thresh: 0.65
free_thresh: 0.196

